0.0 0.28975317087762503 0.2999969842196501 0.2999969842196501 0.7330973755583715 0.7330973755583715 0.7330973755583715 0.7330973755583715 0.7576002983654577 0.7576002983654577 0.7576002983654577 0.7576002983654577 0.7576002983654577 0.8130933162222814 0.8132708057994892 0.9354478332761735 0.9400576689539082 0.945828713037277 0.945828713037277 0.9468500360404368 0.9468500360404368 0.9468500360404368 0.9468500360404368 0.9494458410527382 0.9673984038384129 0.9678644403009525 0.9761050202158341 0.9940188618710901 0.9940188618710901 0.9940188618710901 
0.00871438187885137 0.28975317087762503 0.28975317087762503 0.3638254434420447 0.3638254434420447 0.7973658887265344 0.7973658887265344 0.8857746864226697 0.8857746864226697 0.8857746864226697 0.8857746864226697 0.8857746864226697 0.9352702905105998 0.9352702905105998 0.9410772899293574 0.9410772899293574 0.9410772899293574 0.9424405077489066 0.9468500360404368 0.9468500360404368 0.9468500360404368 0.9468500360404368 0.9494458410527382 0.9494458410527382 0.9494458410527382 0.9673984038384129 0.9678644403009525 0.9761050202158341 0.9761050202158341 0.9940188618710901 
0.0 0.28975317087762503 0.2999969842196501 0.2999969842196501 0.47929100333682534 0.47929100333682534 0.47929100333682534 0.8233157478411905 0.8233157478411905 0.9260084939692903 0.9260084939692903 0.9260084939692903 0.9352702905105998 0.9352702905105998 0.9352702905105998 0.9410772899293574 0.9410772899293574 0.9424405077489066 0.9468500360404368 0.9468500360404368 0.9468500360404368 0.9468500360404368 0.9468500360404368 0.9494458410527382 0.9494458410527382 0.9673984038384129 0.9678644403009525 0.9678644403009525 0.9761050202158341 0.9940188618710901 
0.05555418447767748 0.05555418447767748 0.05555418447767748 0.7069542299218173 0.7069542299218173 0.7069542299218173 0.8781627929934327 0.8781627929934327 0.8781627929934327 0.8781627929934327 0.9288088614370731 0.9352702905105998 0.9352702905105998 0.9352702905105998 0.9410772899293574 0.9424405077489066 0.9424405077489066 0.9468500360404368 0.9468500360404368 0.9468500360404368 0.9468500360404368 0.9494458410527382 0.9673984038384129 0.9678644403009525 0.9761050202158341 0.9940188618710901 0.9940188618710901 0.9940188618710901 0.9940188618710901 0.9940188618710901 
0.0 0.28975317087762503 0.2999969842196501 0.2999969842196501 0.2999969842196501 0.2999969842196501 0.3562003592980497 0.7330973755583715 0.7330973755583715 0.9260084939692903 0.9260084939692903 0.9352702905105998 0.9400576689539082 0.9400576689539082 0.9400576689539082 0.9400576689539082 0.9400576689539082 0.945828713037277 0.945828713037277 0.9468500360404368 0.9468500360404368 0.9468500360404368 0.9468500360404368 0.9494458410527382 0.9673984038384129 0.9678644403009525 0.9678644403009525 0.9761050202158341 0.9940188618710901 0.9940188618710901 
0.0 0.28975317087762503 0.2999969842196501 0.2999969842196501 0.7973658887265344 0.7973658887265344 0.7973658887265344 0.7973658887265344 0.8857746864226697 0.8857746864226697 0.8857746864226697 0.8857746864226697 0.8857746864226697 0.8962202432367802 0.9354478332761735 0.9412274938748277 0.9412274938748277 0.945828713037277 0.945828713037277 0.9468500360404368 0.9468500360404368 0.9468500360404368 0.9494458410527382 0.9494458410527382 0.9673984038384129 0.9678644403009525 0.9678644403009525 0.9761050202158341 0.9940188618710901 0.9940188618710901 
0.2679672427746796 0.28975317087762503 0.7330973755583715 0.9260084939692903 0.9352702905105998 0.9352702905105998 0.9352702905105998 0.9352702905105998 0.9352702905105998 0.9352702905105998 0.9352702905105998 0.9352702905105998 0.9352702905105998 0.9352702905105998 0.9354478332761735 0.9354478332761735 0.9412274938748277 0.945828713037277 0.9468500360404368 0.9468500360404368 0.9468500360404368 0.9494458410527382 0.9494458410527382 0.9673984038384129 0.9678644403009525 0.9678644403009525 0.9761050202158341 0.9761050202158341 0.9940188618710901 0.9940188618710901 
0.0032678932045692635 0.28975317087762503 0.28975317087762503 0.7973658887265344 0.7973658887265344 0.8857746864226697 0.8857746864226697 0.8857746864226697 0.8857746864226697 0.8857746864226697 0.9352702905105998 0.9352702905105998 0.9352702905105998 0.9352702905105998 0.9410772899293574 0.9410772899293574 0.9424405077489066 0.9468500360404368 0.9468500360404368 0.9468500360404368 0.9468500360404368 0.9494458410527382 0.9673984038384129 0.9673984038384129 0.9678644403009525 0.9761050202158341 0.9940188618710901 0.9940188618710901 0.9940188618710901 0.9940188618710901 
0.0 0.28975317087762503 0.2999969842196501 0.2999969842196501 0.7973658887265344 0.7973658887265344 0.8233157478411905 0.8233157478411905 0.9260084939692903 0.9260084939692903 0.9260084939692903 0.9260084939692903 0.9320259065637848 0.9320259065637848 0.9353889005666901 0.9424405077489066 0.9424405077489066 0.9468500360404368 0.9468500360404368 0.9468500360404368 0.9468500360404368 0.9468500360404368 0.9494458410527382 0.9494458410527382 0.9673984038384129 0.9678644403009525 0.9761050202158341 0.9940188618710901 0.9940188618710901 0.9940188618710901 
0.0 0.0 0.24400269260783836 0.3638254434420447 0.3638254434420447 0.7973658887265344 0.7973658887265344 0.7973658887265344 0.8857746864226697 0.8857746864226697 0.8857746864226697 0.8857746864226697 0.8857746864226697 0.9352702905105998 0.9410772899293574 0.9412274938748277 0.9412274938748277 0.9412274938748277 0.945828713037277 0.9468500360404368 0.9468500360404368 0.9468500360404368 0.9468500360404368 0.9468500360404368 0.9494458410527382 0.9673984038384129 0.9673984038384129 0.9678644403009525 0.9761050202158341 0.9940188618710901 
