0.0 0.28975317087762503 0.28975317087762503 0.2999969842196501 0.7973658887265344 0.7973658887265344 0.7973658887265344 0.7973658887265344 0.7973658887265344 0.7973658887265344 0.7973658887265344 0.8781627929934327 0.8781627929934327 0.8781627929934327 0.8781627929934327 0.8857746864226697 0.8962202432367802 0.8962356678629084 0.9354632579023019 0.9400576689539082 0.945828713037277 0.9468500360404368 0.9468500360404368 0.9468500360404368 0.9494458410527382 0.9673984038384129 0.9673984038384129 0.9678644403009525 0.9761050202158341 0.9940188618710901 
0.0 0.28975317087762503 0.28975317087762503 0.2999969842196501 0.7973658887265344 0.7973658887265344 0.7973658887265344 0.7973658887265344 0.7973658887265344 0.7973658887265344 0.7973658887265344 0.8781627929934327 0.8781627929934327 0.8781627929934327 0.8813560097321944 0.886197427555318 0.8962356678629084 0.9040907385013135 0.9400576689539082 0.945828713037277 0.945828713037277 0.9468500360404368 0.9468500360404368 0.9468500360404368 0.9494458410527382 0.9673984038384129 0.9673984038384129 0.9678644403009525 0.9761050202158341 0.9940188618710901 
0.0 0.28975317087762503 0.2999969842196501 0.2999969842196501 0.7973658887265344 0.7973658887265344 0.7973658887265344 0.9260084939692903 0.9260084939692903 0.9260084939692903 0.9320259065637848 0.9320259065637848 0.9346189457810563 0.9346189457810563 0.9410772899293574 0.9410772899293574 0.9410772899293574 0.9424405077489066 0.9468500360404368 0.9468500360404368 0.9468500360404368 0.9468500360404368 0.9468500360404368 0.9468500360404368 0.9494458410527382 0.9673984038384129 0.9678644403009525 0.9761050202158341 0.9940188618710901 0.9940188618710901 
0.0 0.28975317087762503 0.28975317087762503 0.28975317087762503 0.7973658887265344 0.7973658887265344 0.7973658887265344 0.7973658887265344 0.9260084939692903 0.9260084939692903 0.9352702905105998 0.9352702905105998 0.9352702905105998 0.9352702905105998 0.9354478332761735 0.9412274938748277 0.945828713037277 0.9468500360404368 0.9468500360404368 0.9468500360404368 0.9468500360404368 0.9494458410527382 0.9673984038384129 0.9673984038384129 0.9678644403009525 0.9761050202158341 0.9940188618710901 0.9940188618710901 0.9940188618710901 0.9940188618710901 
0.010892977348564212 0.010892977348564212 0.010892977348564212 0.7069542299218173 0.7069542299218173 0.7069542299218173 0.7069542299218173 0.7635976589459853 0.7635976589459853 0.7635976589459853 0.7635976589459853 0.7740432689484618 0.7740432689484618 0.7740432689484618 0.7740586935745901 0.8132862836139835 0.9354632579023019 0.9400576689539082 0.945828713037277 0.945828713037277 0.9468500360404368 0.9468500360404368 0.9468500360404368 0.9494458410527382 0.9673984038384129 0.9678644403009525 0.9761050202158341 0.9940188618710901 0.9940188618710901 0.9940188618710901 
0.23419901299413057 0.23419901299413057 0.23419901299413057 0.3183943081214805 0.32863809486932255 0.7330973755583715 0.7330973755583715 0.7330973755583715 0.8130933162222814 0.8130933162222814 0.8130933162222814 0.8130933162222814 0.8130933162222814 0.8130933162222814 0.8132708057994892 0.9354478332761735 0.9354478332761735 0.9400576689539082 0.9400576689539082 0.9400576689539082 0.9400576689539082 0.945828713037277 0.9468500360404368 0.9468500360404368 0.9468500360404368 0.9494458410527382 0.9673984038384129 0.9678644403009525 0.9761050202158341 0.9761050202158341 
0.04466120712911327 0.28975317087762503 0.2949333985919125 0.7973658887265344 0.7973658887265344 0.7973658887265344 0.7973658887265344 0.7973658887265344 0.7973658887265344 0.9260084939692903 0.9260084939692903 0.9320259065637848 0.9320259065637848 0.9320259065637848 0.9320259065637848 0.9353889005666901 0.9360112044484197 0.9424405077489066 0.9468500360404368 0.9468500360404368 0.9468500360404368 0.9468500360404368 0.9468500360404368 0.9468500360404368 0.9494458410527382 0.9673984038384129 0.9678644403009525 0.9678644403009525 0.9761050202158341 0.9761050202158341 
0.0 0.0 0.0 0.1426979899690997 0.1426979899690997 0.17381750561030884 0.17381750561030884 0.17381750561030884 0.32454769677355116 0.3839147956417878 0.3839147956417878 0.3839147956417878 0.3839147956417878 0.3839147956417878 0.5013241775589349 0.6049364973461133 0.6049364973461133 0.7801809404383913 0.7893702944252635 0.7893702944252635 0.7893702944252635 0.8237987513924714 0.8237987513924714 0.8237987513924714 0.9459757256807898 0.9459757256807898 0.9510629801313795 0.9556641992938287 0.9566855222969886 0.9566855222969886 
0.4934518738899588 0.4934518738899588 0.5042127845258448 0.7069542299218173 0.7069542299218173 0.7069542299218173 0.7069542299218173 0.7069542299218173 0.7069542299218173 0.7069542299218173 0.7069542299218173 0.8781627929934327 0.9040907385013135 0.9040907385013135 0.9040907385013135 0.9400576689539082 0.945828713037277 0.9468500360404368 0.9468500360404368 0.9468500360404368 0.9494458410527382 0.9673984038384129 0.9678644403009525 0.9678644403009525 0.9761050202158341 0.9940188618710901 0.9940188618710901 0.9940188618710901 0.9940188618710901 0.9940188618710901 
0.0 0.28975317087762503 0.28975317087762503 0.2999969842196501 0.7973658887265344 0.7973658887265344 0.7973658887265344 0.7973658887265344 0.7973658887265344 0.8781627929934327 0.8857746864226697 0.8962202432367802 0.8962202432367802 0.8962202432367802 0.8962202432367802 0.8962202432367802 0.9354478332761735 0.9412274938748277 0.9412274938748277 0.945828713037277 0.945828713037277 0.9468500360404368 0.9468500360404368 0.9468500360404368 0.9468500360404368 0.9468500360404368 0.9494458410527382 0.9673984038384129 0.9678644403009525 0.9761050202158341 
0.0 0.28975317087762503 0.28975317087762503 0.2999969842196501 0.7973658887265344 0.7973658887265344 0.7973658887265344 0.8857746864226697 0.8857746864226697 0.8857746864226697 0.8857746864226697 0.8857746864226697 0.8857746864226697 0.8857746864226697 0.886197427555318 0.8962356678629084 0.9354632579023019 0.9354632579023019 0.9400576689539082 0.945828713037277 0.945828713037277 0.9468500360404368 0.9468500360404368 0.9468500360404368 0.9494458410527382 0.9673984038384129 0.9673984038384129 0.9678644403009525 0.9761050202158341 0.9940188618710901 
