0.0 0.28975317087762503 0.3079149501008026 0.3079149501008026 0.8028124305891824 0.8645074246703811 0.890455049873667 0.892511631231868 0.9937899391439992 0.9937899391439992 0.9937899391439992 0.9937899391439992 0.9937899391439992 0.9938890822581482 0.9940188618710901 0.9940188618710901 0.9940188618710901 0.9940188618710901 0.9940188618710901 0.9940188618710901 0.9940188618710901 0.9940188618710901 0.9940188618710901 0.9940188618710901 0.9940188618710901 0.9940188618710901 0.9940188618710901 0.9950753955725153 0.9950753955725153 0.9950753955725153 
0.004357190939425685 0.28975317087762503 0.3079149501008026 0.3079149501008026 0.31815873684864465 0.31815873684864465 0.31815873684864465 0.31815873684864465 0.31815873684864465 0.32136389437556434 0.7723120940132027 0.7723120940132027 0.7723120940132027 0.7723120940132027 0.7723120940132027 0.7723120940132027 0.7723120940132027 0.7723120940132027 0.7723120940132027 0.7723120940132027 0.7723120940132027 0.7723120940132027 0.7723120940132027 0.7723120940132027 0.7723120940132027 0.8353981766177135 0.8570817968987353 0.8599927429793485 0.8620492711491836 0.8620516646256517 
0.0 0.4237368188591478 0.4237368188591478 0.5239522104659387 0.5239522104659387 0.5293013112421483 0.5638683239026815 0.5638683239026815 0.5638683239026815 0.8311341716954493 0.8645074246703811 0.8746969858791271 0.9759752406028922 0.9759752406028922 0.9759752406028922 0.9771615539172593 0.9771615539172593 0.9771615539172593 0.9771615539172593 0.9771615539172593 0.9771615539172593 0.9931551891846351 0.9931551891846351 0.9950753955725153 0.9950753955725153 0.9950753955725153 0.9950753955725153 0.9950753955725153 0.9950753955725153 0.9950753955725153 
0.0 0.7635976589459853 0.7635976589459853 0.7635976589459853 0.7635976589459853 0.7635976589459853 0.7635976589459853 0.7635976589459853 0.8146222158017955 0.8146222158017955 0.9367992432784799 0.9367992432784799 0.9367992432784799 0.9367992432784799 0.9367992432784799 0.9401293668712221 0.97585652417007 0.9761050202158341 0.9761050202158341 0.9761050202158341 0.99209865548321 0.9940188618710901 0.9940188618710901 0.9940188618710901 0.9940188618710901 0.9940188618710901 0.9940188618710901 0.9940188618710901 0.9940188618710901 0.9940188618710901 
0.0 0.28975317087762503 0.3079149501008026 0.3079149501008026 0.32021079719573914 0.5860421813527547 0.5860421813527547 0.5860421813527547 0.5860421813527547 0.7058649321869609 0.7058649321869609 0.7740432689484618 0.7740432689484618 0.7740432689484618 0.7740432689484618 0.7740432689484618 0.7740432689484618 0.7740432689484618 0.7740586935745901 0.7740586935745901 0.7740586935745901 0.7740586935745901 0.7740586935745901 0.7740586935745901 0.7740586935745901 0.8028124305891824 0.9040907385013135 0.9401293668712221 0.965915512195454 0.99186313739874 
0.004357190939425685 0.28975317087762503 0.3079149501008026 0.8082589724518305 0.8082589724518305 0.8591539092597966 0.8599927429793485 0.8620492711491836 0.89264141084481 0.9939197187569411 0.9939197187569411 0.9940188618710901 0.9940188618710901 0.9940188618710901 0.9940188618710901 0.9940188618710901 0.9940188618710901 0.9940188618710901 0.9940188618710901 0.9940188618710901 0.9940188618710901 0.9940188618710901 0.9940188618710901 0.9940188618710901 0.9940188618710901 0.9940188618710901 0.9940188618710901 0.9940188618710901 0.9940188618710901 0.9940188618710901 
0.40957594830601435 0.40957594830601435 0.40957594830601435 0.4564157509048405 0.4564157509048405 0.7548833834438659 0.7548833834438659 0.7548833834438659 0.7548833834438659 0.7548833834438659 0.7635976589459853 0.7740432689484618 0.7740432689484618 0.7740432689484618 0.7740586935745901 0.7740586935745901 0.7740586935745901 0.7740586935745901 0.7740586935745901 0.7740586935745901 0.8962356678629084 0.9367992432784799 0.9401293668712221 0.9673984038384129 0.9678644403009525 0.9761050202158341 0.9940188618710901 0.9940188618710901 0.9940188618710901 0.9940188618710901 
0.0 0.4346297962077121 0.4346297962077121 0.8300449271489589 0.9819623358287897 0.9872967034276285 0.9875322215120984 0.9894524278999787 0.9938890822581482 0.9938890822581482 0.9938890822581482 0.9938890822581482 0.9940188618710901 0.9940188618710901 0.9940188618710901 0.9940188618710901 0.9940188618710901 0.9940188618710901 0.9940188618710901 0.9940188618710901 0.9940188618710901 0.9940188618710901 0.9940188618710901 0.9940188618710901 0.9940188618710901 0.9940188618710901 0.9940188618710901 0.9940188618710901 0.9940188618710901 0.9940188618710901 
0.07516154370509306 0.28975317087762503 0.28975317087762503 0.7635976589459853 0.7635976589459853 0.7635976589459853 0.7635976589459853 0.7635976589459853 0.7635976589459853 0.7635976589459853 0.7635976589459853 0.7740432689484618 0.7740432689484618 0.7740432689484618 0.7740432689484618 0.8028124305891824 0.8028124305891824 0.8028124305891824 0.9040907385013135 0.9401293668712221 0.9401293668712221 0.9401293668712221 0.9673984038384129 0.9673984038384129 0.9673984038384129 0.9673984038384129 0.9914258226538186 0.9918918591163582 0.9939220590450433 0.9940188618710901 
0.0 0.7635976589459853 0.7635976589459853 0.7635976589459853 0.7635976589459853 0.7635976589459853 0.7635976589459853 0.7635976589459853 0.8146222158017955 0.8146222158017955 0.9367992432784799 0.9367992432784799 0.9367992432784799 0.9367992432784799 0.9367992432784799 0.9367992432784799 0.9401293668712221 0.965915512195454 0.99186313739874 0.99209865548321 0.9940188618710901 0.9940188618710901 0.9940188618710901 0.9940188618710901 0.9940188618710901 0.9940188618710901 0.9940188618710901 0.9940188618710901 0.9940188618710901 0.9940188618710901 
